name_alias_pinyin
d¨¦zh¨¬
zh¨¨ny¨³
zij¨¬ng
¨¤ixi¨®ng
sh¨©y¨¢ng
j¨¬ngy¨ª
li¨²z¨¯ng
xi¨£on¨ªng
sh¨§nb¨®
sh¨§nz¨¯ng
z¨¯ngc¨¢i
h¨¦ngf¨¥ng
z¨¦f¨±
y¨£cu¨¬
d¨©ngl¨ªng
m¨«nt¨ªng
ch¨®ngxu¨¢n
j¨¬ngj¨±n
hu¨¬zh¨¬
y¨³y¨¢ng
y¨¯ngx¨©ng
xi¨£ohu¨¡
y¨³t¨¦ng
m¨¦ngn¨¤
xi¨£oy¨¤n
y¨ªngy¨ªng
d¨­ngw¨§i
h¨®ngj¨³
yu¨¢nzh¨¨n
m¨«nf¨¥ng
xi¨£oh¨³
k¨£il¨ªng
l¨¬j¨±n
y¨´m¨´
m¨£nm¨£n
ji¨¡ngy¨¤n
li¨³ti¨¢n
j¨©nf¨¨ng
z¨¦q¨²n
ji¨¡ji¨¡
m¨´xi¨£o
d¨¢ch¨¡ng
j¨´nxi¨¢
s¨±qi¨®ng
p¨ªng¨¡n
j¨´nh¨¢o
x¨©ngli¨¤ng
gu¨¬q¨ª
d¨¤qu¨¢n
l¨ªnm¨ªng
y¨¯ngb¨©n
zh¨¬ru¨¬
h¨®ngti¨¡n
ch¨¦nxi¨¡ng
c¨¢iy¨¬n
hu¨©y¨¯ng
ru¨°y¨©ng
gu¨®hu¨¢ng
zh¨¨ngw¨¦n
chu¨¡nb¨®
q¨©ngchu¨¡n
z¨³h¨¤o
ch¨¦ngz¨¦
y¨¤zh¨­u
sh¨´m¨«n
w¨¤ngw¨¤ng
zh¨­ur¨®ng
hu¨¢gu¨£ng
ji¨¡r¨®ng
j¨©nm¨ªng
t¨¢om¨ªng
z¨¥ngt¨¡o
w¨¦np¨¨i
t¨ªngt¨ªng
j¨´nxu¨¡n
j¨´nd¨¢
y¨¬j¨©n
z¨¤izh¨­u
y¨¬f¨¥ng
d¨¤ow¨¦i
k¨¥y¨³n
ji¨¤nf¨¥ng
sh¨¤of¨¡n
x¨´h¨¦ng
d¨­ngp¨¦ng
zh¨­ngx¨©n
f¨¥ih¨³
y¨¯ngd¨­ng
y¨¢ngy¨¢ng
q¨«w¨¦n
h¨£im¨ªng
zh¨¬qi¨¢ng
¨¤ihu¨¢
gu¨®sh¨¨ng
z¨¦¨¥n
xi¨¨zh¨­ng
h¨®ngf¨¥ng
k¨¡ngs¨°ng
k¨¨y¨¬
w¨¦nt¨¡o
k¨¨b¨©n
q¨«d¨­ng
l¨ªnf¨¥ng
f¨²ch¨¦ng
l¨ªnf¨¡
y¨¢ngch¨±n
j¨©ngj¨©ng
w¨¦ng¨¡ng
w¨¤ngl¨ªn
ji¨¡t¨ªng
y¨²nl¨®ng
y¨¬b¨©n
ji¨¤ngu¨®
l¨¸y¨§
xi¨£oqi¨¢ng
sh¨£ob¨£o
y¨®ush¨ª
ch¨¦ngyu¨¢n
z¨­ngr¨®ng
sh¨©p¨³
ru¨¬ch¨¯ng
x¨©j¨¬n
ji¨¤nhu¨¤
l¨¬j¨±n
y¨¢ngy¨´
q¨¬ngzh¨­ng
w¨¦nhu¨©
w¨¦nzh¨©
f¨¨ngd¨¡n
h¨®ngsh¨¨ng
xi¨¡ngj¨±n
y¨¯uw¨¤n
q¨«n¨©
h¨®nghu¨©
q¨«b¨£o
y¨´ji¨¦
s¨­ngx¨©n
zh¨­ngbi¨¡o
d¨­ngji¨¤n
ch¨¬r¨®ng
d¨¦ch¨¦ng
y¨³h¨¢ng
z¨¦y¨²n
j¨±nf¨¥ng
chu¨¢nz¨¦
xi¨£oh¨¤o
q¨ªzh¨¬
li¨²m¨¦ng
zh¨¬ji¨¡n
l¨«b¨®
w¨§ib¨®
g¨¡ngq¨©ng
ji¨¤nhu¨¢
sh¨¨ngzh¨­u
x¨©ny¨³
ji¨¤nm¨ªng
z¨¦p¨ªng
ku¨¡ny¨´
qi¨¡nxi¨¢ng
j¨¬ch¨ª
su¨¬r¨®ng
x¨©ch¨¡o
y¨£nqi¨¢ng
y¨¢ngf¨¡
ji¨¤nw¨§i
h¨°ul¨¬
zh¨¬m¨ªng
d¨¦sh¨¨ng
xi¨£oc¨¢i
k¨±nzh¨´
j¨«nch¨¡ng
ch¨±ngu¨¡ng
l¨´l¨¦i
w¨¦nh¨£i
zh¨­ngw¨§i
ch¨¦ngzhu¨®
h¨²gu¨£ng
xi¨¢nw¨¦n
ji¨¡hu¨©
zh¨«qi¨¢o
xi¨£oji¨¦
d¨¤l¨ªn
x¨©nyu¨¨
r¨´nzh¨¨ng
y¨¢ngd¨¡n
f¨¥il¨®ng
y¨¯ngsh¨¡n
y¨´ch¨¦ng
ziji¨¤n
sh¨±k¨£i
p¨¦ngb¨®
l¨¬sh¨¡
gu¨¬f¨²
w¨§ik¨¡i
sh¨£ob¨­
h¨¤ozh¨§
q¨ªngti¨¡n
zh¨ªqi¨¢ng
j¨´ny¨´
z¨¬l¨¬
w¨§ixi¨¦
k¨¡ngxi¨¢n
x¨´b¨©n
li¨¢ngc¨£i
p¨¦id¨ª
zh¨¬d¨­ng
h¨¤or¨¢n
w¨¦nxu¨§
h¨¤nru¨¬
q¨©ngy¨²n
w¨¦nji¨¦
p¨¦ngy¨³
r¨¬q¨ª
d¨­ngm¨ªng
sh¨¨ngd¨­ng
ru¨¬ch¨¦n
ch¨¡ob¨®
li¨²b¨®
zh¨¬ch¨¡o
w¨¦nju¨¡n
j¨©nf¨´
xi¨¢ngch¨±n
d¨¦l¨¬
h¨£ib¨­
y¨¯uch¨¦ng
r¨¬j¨±n
gu¨¡nn¨¢n
g¨¡ohu¨¢
sh¨¨ngti¨¡n
y¨¤ohu¨©
y¨¯ngzh¨¬
f¨¢ny¨¬n
sh¨¨j¨¬ng
xi¨£ohu¨¢
ji¨¤nshu¨°
ch¨¡ngji¨¦
chu¨¢nf¨¥ng
m¨¨ngq¨ªn
x¨©ngf¨¡
ch¨¦ngt¨¡o
chu¨¢nji¨¦
q¨ªf¨¥i
ji¨¤nqi¨®ng
sh¨´t¨­ng
sh¨¬li¨¢ng
xi¨£oxu¨¢n
sh¨¬qi¨¢ng
q¨¬ngqi¨¢ng
zh¨¤nshu¨¡ng
m¨«nc¨­ng
j¨´nf¨¥ng
y¨ªngd¨¦
y¨¤ngu¨®
gu¨¡ngj¨«ng
gu¨®y¨´
l¨«x¨±n
hu¨¤nhu¨¢n
w¨§ixi¨¢n
li¨¢ngw¨§i
y¨¯ngji¨¤n
j¨©nl¨®ng
y¨¢ngf¨¡ng
sh¨¥ngy¨¬
r¨´nb¨­
z¨³gu¨¡ng
xu¨¦y¨¯ng
y¨¬y¨¯ng
yu¨£nsh¨¥ng
r¨®ngch¨¦ng
hu¨©hu¨¢
y¨¨w¨¦n
d¨¦ch¨¦ng
ti¨¡nxi¨¢n
h¨£il¨ªn
x¨´r¨¢n
q¨ªhu¨©
zh¨¬qi¨¢ng
sh¨¥ngy¨¤n
